Address,"Parent Company"
